sec, CPU, net_name, net_rx, net_tx
0, 0, 112, 472
0.5, 0, 56764, 19519532
1, 12.030075, 158656, 53057961
1.5, 20.20202, 222924, 70450346
2, 18.227848, 233064, 74603714
2.5, 18.227848, 238680, 75742224
3, 18.090452, 211224, 75214982
3.5, 20.20202, 214592, 74627972
4, 20.356234, 265928, 76291546
4.5, 18.181818, 225940, 76605214
5, 20.151134, 250432, 77336574
5.5, 18.274113, 249392, 76902862
6, 18.13602, 252308, 76094716
6.5, 20.20202, 253344, 76755228
7, 18.13602, 241644, 73867410
7.5, 22.222223, 228644, 76224132
8, 18.227848, 219544, 75156342
8.5, 18.227848, 272032, 76526075
9, 20.20202, 269981, 75439446
9.5, 18.274113, 237744, 76120404
10, 20.100502, 240604, 75266736
10.5, 18.320612, 224536, 75192206
11, 20.20202, 259272, 75145678
11.5, 18.045113, 257244, 76800552
12, 20.253164, 229112, 75494216
12.5, 18.13602, 214240, 75122512
13, 20.253164, 212628, 74413680
13.5, 18.13602, 214916, 77093576
14, 22.222223, 227188, 75383544
14.5, 18.274113, 218036, 75510502
15, 28.211588, 194192, 68739152
15.5, 28.211588, 0, 0
