sec, CPU, net_name, net_rx, net_tx
0, 0, 164, 472
0.5, 0, 51984, 19852786
1, 8.040201, 161200, 49327242
1.5, 10.126582, 235508, 63414822
2, 12.151898, 217880, 76406720
2.5, 14.213199, 212576, 78656298
3, 14.141414, 194740, 78527406
3.5, 12.244898, 186524, 76776400
4, 14.141414, 203476, 77986970
4.5, 14.105794, 192556, 78173120
5, 14.249364, 194896, 78076776
5.5, 12.121212, 207584, 78619390
6, 14.213199, 231660, 79598680
6.5, 12.09068, 229522, 79091880
7, 12.09068, 212570, 79444130
7.5, 14.105794, 205296, 78216592
8, 12.060302, 166873, 74701949
8.5, 12.151898, 352920, 69344257
9, 10.050251, 357260, 69344444
9.5, 12.121212, 200672, 77301452
10, 12.151898, 191256, 76679748
10.5, 12.121212, 154288, 72732151
11, 14.177216, 206900, 77969578
11.5, 14.141414, 207376, 77862476
12, 12.09068, 220957, 77724207
12.5, 14.177216, 209216, 78288254
13, 12.09068, 139900, 72539310
13.5, 10.050251, 126096, 73000428
14, 12.244898, 165880, 75363740
14.5, 12.244898, 130440, 68114314
