sec, CPU, net_name, net_rx, net_tx
0, 0, 0, 74
0.5, 0, 60052, 25613161
1, 16.161615, 112320, 46852862
1.5, 20.050125, 146583, 54873929
2, 22.110554, 165308, 63966852
2.5, 30.226702, 223444, 71792806
3, 30.456852, 227656, 70397364
3.5, 28.211588, 219232, 70602748
4, 28.426397, 223912, 69803576
4.5, 28.211588, 212472, 69534838
5, 30.379745, 241852, 73619850
5.5, 28.282827, 217360, 73666216
6, 24.365482, 204880, 71929896
6.5, 30.303032, 207688, 70665794
7, 26.196474, 210132, 71579138
7.5, 30.456852, 233220, 70737516
8, 28.426397, 174512, 68951148
8.5, 28.498728, 255112, 71382864
9, 30.303032, 191984, 71616736
9.5, 26.395937, 184496, 71498756
10, 26.329115, 189072, 70973312
10.5, 28.140703, 187876, 71023554
11, 28.426397, 208468, 72915570
11.5, 26.329115, 201546, 73085896
12, 28.282827, 200980, 70731714
12.5, 30.226702, 249444, 71735714
13, 30.303032, 302432, 70258002
13.5, 26.262627, 235976, 73920186
14, 28.282827, 240032, 71916040
14.5, 28.426397, 208312, 70047628
15, 28.282827, 218244, 71981372
15.5, 26.262627, 228332, 72303260
16, 36.363636, 225964, 66495452
16.5, 36.363636, 98, 54
