sec, CPU, net_name, net_rx, net_tx
0, 0, 104, 74
0.5, 0, 71752, 22516110
1, 8.02005, 184756, 55874252
1.5, 12.09068, 178776, 68359666
2, 12.151898, 213252, 73154790
2.5, 12.151898, 227240, 74489114
3, 14.105794, 217874, 74945010
3.5, 12.060302, 218348, 73282836
4, 14.141414, 193752, 73582552
4.5, 12.09068, 199316, 73386642
5, 14.141414, 211172, 74017410
5.5, 12.060302, 218764, 74279958
6, 14.070352, 208988, 74057072
6.5, 12.030075, 230308, 72753290
7, 14.249364, 232440, 74921650
7.5, 12.060302, 227936, 74388889
8, 12.151898, 204965, 73519240
8.5, 14.035088, 201136, 73306710
9, 14.105794, 204100, 74601386
9.5, 12.151898, 202072, 74076718
10, 14.035088, 178984, 72346638
10.5, 12.030075, 178464, 73256836
11, 14.105794, 182416, 72293572
11.5, 10.126582, 133016, 70577724
12, 12.030075, 135772, 70195894
12.5, 10.025063, 121986, 68284354
13, 14.070352, 207896, 74402240
13.5, 10.075567, 164528, 71348924
14, 14.105794, 189488, 73215290
14.5, 10.050251, 164996, 72600512
15, 10.050251, 143336, 64397858
