sec, CPU, net_name, net_rx, net_tx
0, 0, 52, 74
0.5, 0, 17984, 4832988
1, 0, 110344, 44354074
1.5, 10.075567, 152308, 56623076
2, 12.09068, 213304, 68983114
2.5, 10.050251, 204516, 74983838
3, 12.030075, 241488, 77680826
3.5, 12.060302, 210132, 77042540
4, 12.121212, 216268, 77584876
4.5, 10.075567, 223028, 76399694
5, 12.060302, 206492, 76402512
5.5, 12.060302, 192504, 75979096
6, 12.09068, 186628, 76155226
6.5, 11.970075, 205972, 76779274
7, 12.09068, 206180, 76934346
7.5, 12.030075, 204611, 77016133
8, 12.060302, 187952, 76263394
8.5, 12.060302, 624696, 75198943
9, 12, 152776, 74274730
9.5, 10.050251, 163128, 73393752
10, 12.09068, 160414, 75712676
10.5, 14.070352, 190788, 75688440
11, 12.09068, 207636, 76432950
11.5, 11.970075, 196144, 77339818
12, 10.126582, 190112, 76023350
12.5, 12.060302, 179192, 76288660
13, 12.030075, 170612, 75275558
13.5, 12.09068, 183460, 75059247
14, 14.105794, 182884, 75420006
14.5, 10.025063, 181084, 75880379
15, 10.025063, 49245, 15270524
