sec, CPU, net_name, net_rx, net_tx
0, 0, 112, 472
0.5, 0, 77568, 26033433
1, 6.030151, 139932, 47560810
1.5, 6.030151, 171050, 54232830
2, 8.060453, 193700, 57843690
2.5, 8.080808, 218712, 65406120
3, 10.126582, 232492, 71227652
3.5, 12.121212, 213564, 77881148
4, 10.075567, 213148, 75993300
4.5, 12.182741, 219538, 77983204
5, 10.075567, 211588, 76792792
5.5, 12.121212, 207532, 77382896
6, 12.151898, 204568, 77038988
6.5, 10.050251, 213775, 77010903
7, 12.182741, 184236, 76182238
7.5, 12.121212, 204308, 75789876
8, 10.10101, 209924, 77643138
8.5, 12.182741, 207844, 76609034
9, 12.09068, 206960, 76017634
9.5, 10.152284, 194584, 77812580
10, 12.151898, 213980, 76756756
10.5, 10.152284, 205608, 77618772
11, 12.121212, 199836, 77424996
11.5, 12.121212, 211016, 76937166
12, 10.126582, 235196, 77235854
12.5, 12.09068, 234676, 77696086
13, 12.121212, 241748, 78214438
13.5, 10.152284, 224025, 77443821
14, 11.940298, 316316, 77223448
14.5, 12.030075, 600032, 77132365
15, 12.030075, 113072, 31195538
