sec, CPU, net_name, net_rx, net_tx
0, 0, 156, 74
0.5, 0, 9664, 983128
1, 0, 32702, 9525588
1.5, 42.211056, 65416, 25761236
2, 42.105263, 72852, 25688206
2.5, 44, 55380, 26052846
3, 42.211056, 54600, 25855370
3.5, 42.211056, 51688, 25022604
4, 44.221107, 70252, 27105324
4.5, 40.201004, 62712, 23964994
5, 36.090225, 42172, 20442820
5.5, 34.170853, 51220, 21297070
6, 38.190956, 37232, 22577448
6.5, 40.10025, 53456, 25514680
7, 44.221107, 44980, 25551486
7.5, 44, 47424, 25418800
8, 42.105263, 45240, 26540986
8.5, 36.180904, 42588, 21852738
9, 32.0802, 36764, 19453104
9.5, 34.085213, 40144, 19577436
10, 32.160805, 51532, 19616176
10.5, 30.075186, 41912, 19226262
11, 34.170853, 48516, 19510660
11.5, 32, 44720, 19629610
12, 32.160805, 42484, 19340084
12.5, 34.170853, 36036, 19637252
13, 30.150753, 39624, 19665832
13.5, 50.377834, 34248, 14475048
