sec, CPU, net_name, net_rx, net_tx
0, 0, 52, 74
0.5, 0, 60828, 26258936
1, 8.060453, 144044, 48388580
1.5, 10.025063, 191464, 61318320
2, 10.075567, 215748, 69665304
2.5, 12.09068, 204100, 74178844
3, 12.060302, 201032, 75255090
3.5, 14.070352, 187616, 75786686
4, 10.10101, 156624, 72671046
4.5, 10.075567, 122980, 69415496
5, 10.152284, 143832, 72082114
5.5, 12.030075, 155168, 73217500
6, 12.121212, 195468, 75225202
6.5, 12.060302, 194682, 75769642
7, 12.060302, 153057, 72097331
7.5, 12.060302, 178812, 74191838
8, 10.075567, 644840, 73728643
8.5, 12, 207732, 75999948
9, 11.91067, 219808, 76069393
9.5, 13.965087, 235768, 75345586
10, 14.105794, 202280, 75013744
10.5, 10, 155376, 72787242
11, 12, 173992, 74572272
11.5, 12.030075, 186903, 73897267
12, 12.121212, 177788, 74478944
12.5, 12, 171600, 74503262
13, 10.050251, 191828, 75138846
13.5, 12.151898, 188262, 74798545
14, 12.030075, 205914, 75131330
14.5, 10.075567, 214864, 76153178
15, 10.075567, 92740, 28001088
