sec, CPU, net_name, net_rx, net_tx
0, 0, 156, 74
0.5, 0, 14444, 2402454
1, 36.27204, 116536, 38733006
1.5, 42.105263, 148928, 46485596
2, 48.484848, 191724, 50212998
2.5, 50.377834, 174200, 50144934
3, 48.1203, 161564, 50008608
3.5, 48.241207, 164320, 49736154
4, 48.36272, 176124, 49940478
4.5, 48.484848, 168584, 50212998
5, 48.484848, 158028, 50008674
5.5, 48.1203, 150748, 50553648
6, 48.484848, 151528, 50212998
6.5, 51.870323, 156098, 50281226
7, 48.1203, 172846, 50147171
7.5, 46.347607, 157144, 50553714
8, 48.484848, 146380, 50281194
8.5, 46.347607, 157352, 51098754
9, 46.347607, 159380, 49940544
9.5, 48.607594, 167232, 50417454
10, 46.347607, 164788, 50144934
10.5, 48.36272, 169260, 50403828
11, 46.464645, 173344, 50226732
11.5, 46.347607, 162292, 50213064
12, 64.81013, 89947, 21708255
12.5, 93.40102, 30598, 6811638
