sec, CPU, net_name, net_rx, net_tx
0, 0, 260, 74
0.5, 0, 35140, 15240044
1, 22.110554, 119448, 43224845
1.5, 26.262627, 127868, 47857214
2, 30.150753, 161928, 54885136
2.5, 32.0802, 165152, 58285984
3, 32.32323, 176852, 59233248
3.5, 34.430378, 197132, 60645632
4, 34.430378, 180544, 61052446
4.5, 32.32323, 181058, 62288924
5, 32.405064, 158652, 55890748
5.5, 32.241814, 173784, 60516818
6, 36.27204, 169728, 63279482
6.5, 38.48101, 206076, 67461370
7, 38.578682, 247000, 67399952
7.5, 32.32323, 183664, 59661494
8, 32.241814, 197652, 60140080
8.5, 38.676846, 240084, 68804890
9, 40.30227, 246792, 70144890
9.5, 40.816326, 258544, 70247014
10, 38.287155, 243828, 68239532
10.5, 40.609135, 247624, 69692842
11, 38.190956, 237432, 69305748
11.5, 40.201004, 253500, 70068576
12, 38.38384, 249236, 70150518
12.5, 42.424244, 243516, 70574868
13, 38.287155, 237120, 70374974
13.5, 40.50633, 243672, 70217718
14, 38.190956, 240812, 69996098
14.5, 38.190956, 238524, 70310710
15, 40.712467, 261034, 70587848
15.5, 40.40404, 256776, 70956296
16, 32.241814, 184780, 56543680
16.5, 24.18136, 115492, 43307380
17, 22.166246, 107016, 42524430
17.5, 24.120604, 114296, 42166482
18, 72.36181, 51244, 16531102
18.5, 72.36181, 0, 0
