sec, CPU, net_name, net_rx, net_tx
0, 0, 52, 74
0.5, 0, 58124, 23187096
1, 8.080808, 148360, 43751390
1.5, 6.075949, 161252, 46874760
2, 8.060453, 183720, 54166979
2.5, 8.080808, 212056, 63612764
3, 12.121212, 195215, 74386931
3.5, 12.060302, 180018, 75577618
4, 12.121212, 186524, 75607262
4.5, 12.151898, 207792, 77125434
5, 12.09068, 217204, 76731858
5.5, 12.09068, 196716, 76543548
6, 10.126582, 206388, 76951374
6.5, 12.09068, 228384, 77312266
7, 12.121212, 218920, 76410106
7.5, 12.121212, 217776, 77060422
8, 12.151898, 231972, 77042934
8.5, 12.121212, 200824, 76407588
9, 12.030075, 207324, 77077514
9.5, 12.121212, 222612, 76657466
10, 12.09068, 212784, 77069930
10.5, 12.121212, 198380, 76608786
11, 12.151898, 206538, 76891342
11.5, 12.09068, 220584, 77280362
12, 10.126582, 213980, 76843614
12.5, 12.030075, 209092, 77190856
13, 12.121212, 209092, 76274302
13.5, 12.151898, 177840, 74855204
14, 12.121212, 215904, 76676446
14.5, 12.151898, 225784, 76827508
15, 12.151898, 198524, 62010028
