sec, CPU, net_name, net_rx, net_tx
0, 0, 52, 74
0.5, 0, 82837, 28062657
1, 10.075567, 191000, 53079180
1.5, 16.202532, 250016, 72900698
2, 14.213199, 215384, 75797374
2.5, 16.120907, 232440, 75609252
3, 14.177216, 238888, 75282240
3.5, 16.243654, 222560, 76322882
4, 14.213199, 244712, 76886168
4.5, 14.105794, 211068, 75044268
5, 16.202532, 209456, 76129216
5.5, 16.161615, 224276, 74982890
6, 14.141414, 214968, 76183588
6.5, 16.120907, 232544, 76709434
7, 16.161615, 215592, 76215760
7.5, 14.213199, 213460, 75449086
8, 12.182741, 196845, 75033891
8.5, 16.0401, 194356, 76207986
9, 14.141414, 501236, 75813714
9.5, 16.161615, 391476, 76522686
10, 16.202532, 252146, 76621821
10.5, 14.141414, 229892, 77050880
11, 16.161615, 257088, 76462886
11.5, 12.21374, 224834, 76652438
12, 16.120907, 211640, 75444494
12.5, 16.161615, 234208, 74812882
13, 14.105794, 235872, 76366362
13.5, 14.177216, 247156, 76209730
14, 16.202532, 236132, 76370504
14.5, 14.177216, 222762, 75822322
15, 14.177216, 187799, 50642123
