391666, 0| ens5 216 74| lo 0 0| 
391666, 0| ens5 11632 1125978| lo 0 0| 
391666, 0| ens5 8944 1168086| lo 0 0| 
391666, 0| ens5 13312 3775062| lo 0 0| 
391666, 14.035088| ens5 111956 42064452| lo 0 0| 
391666, 16.080402| ens5 147940 49911646| lo 466 466| 
391666, 20.151134| ens5 183092 55400932| lo 0 0| 
391666, 18.227848| ens5 167700 54037212| lo 0 0| 
391666, 22.278482| ens5 135044 57844942| lo 0 0| 
391666, 22.222223| ens5 205290 67704372| lo 0 0| 
391666, 22.166246| ens5 203164 69998698| lo 0 0| 
391666, 26.262627| ens5 223340 70940636| lo 0 0| 
391666, 26.262627| ens5 251830 70316192| lo 0 0| 
391666, 22.278482| ens5 224016 70701484| lo 0 0| 
391666, 26.196474| ens5 212524 71280842| lo 0 0| 
391666, 24.242424| ens5 229580 70544082| lo 0 0| 
391666, 26.395937| ens5 253448 70971074| lo 0 0| 
391666, 24.18136| ens5 237484 70145036| lo 0 0| 
391666, 24.365482| ens5 243776 70518740| lo 0 0| 
391666, 24.303797| ens5 236187 71330283| lo 340 340| 
391666, 26.130653| ens5 225206 70841444| lo 0 0| 
391666, 24.18136| ens5 213044 70235474| lo 0 0| 
391666, 26.463104| ens5 212888 70811220| lo 0 0| 
391666, 24.18136| ens5 185484 70617720| lo 0 0| 
391666, 22.278482| ens5 192920 70559734| lo 0 0| 
391666, 26.196474| ens5 182052 70715712| lo 0 0| 
391666, 24.242424| ens5 195780 70879036| lo 0 0| 
391666, 26.262627| ens5 222248 70997588| lo 0 0| 
391666, 24.303797| ens5 222924 71850930| lo 0 0| 
391666, 24.242424| ens5 217932 71563958| lo 0 0| 
391666, 26.395937| ens5 226772 72390752| lo 0 0| 
391666, 26.065163| ens5 227344 71328662| lo 0 0| 
391666, 24.303797| ens5 216580 72101340| lo 0 0| 
391666, 24.303797| ens5 203684 71607196| lo 0 0| 
391666, 26.262627| ens5 219804 71977768| lo 0 0| 
391666, 26.262627| ens5 124408 39532432| lo 0 0| 
