sec, CPU, net_name, net_rx, net_tx
0, 0, 208, 74
0.5, 0, 49236, 24340503
1, 18.090452, 62764, 34890248
1.5, 22.166246, 63960, 36220350
2, 18.13602, 53196, 35004944
2.5, 20.151134, 55328, 36668358
3, 20.100502, 51792, 35617642
3.5, 20.050125, 60736, 36895594
4, 18.13602, 61568, 37396014
4.5, 22.166246, 60164, 36070518
5, 18.090452, 63024, 37121596
5.5, 20.151134, 56622, 36361694
6, 22.166246, 56160, 37606842
6.5, 18.090452, 65208, 36550706
7, 20.100502, 56136, 37919842
7.5, 18.181818, 61776, 38341328
8, 20.100502, 62504, 36765816
8.5, 20.151134, 57980, 38298078
9, 20.100502, 53300, 36723432
9.5, 18.13602, 41132, 34843466
10, 20.151134, 49764, 35969274
10.5, 20.151134, 58292, 38013382
11, 20.151134, 54126, 35532208
11.5, 18.090452, 56784, 36128016
12, 20.100502, 54028, 37877238
12.5, 18.090452, 55224, 36417260
13, 22.110554, 54496, 37570016
13.5, 18.090452, 61516, 36210946
14, 20.100502, 52468, 37057192
14.5, 18.227848, 65468, 37397372
15, 20.050125, 61724, 35838350
15.5, 18.13602, 63180, 37260204
16, 22.055138, 60063, 36160279
16.5, 18.227848, 60788, 37676042
17, 20.151134, 59592, 36096066
17.5, 20.100502, 59696, 37043422
18, 18.090452, 48412, 35918400
18.5, 20.050125, 53872, 36935824
19, 18.13602, 55692, 36891446
19.5, 20.100502, 48620, 35403672
20, 20.100502, 58240, 36935664
20.5, 16.120907, 56133, 37105155
21, 20.100502, 49556, 35043836
21.5, 20, 62504, 36727958
22, 20.151134, 60788, 36850414
22.5, 18.045113, 61065, 36816456
23, 20.20202, 57356, 35374320
23.5, 20, 62660, 37722248
24, 18.045113, 62920, 36103636
24.5, 22.166246, 58396, 37742602
25, 16.120907, 55640, 37701668
25.5, 22.222223, 57928, 35716548
26, 18, 53300, 36992464
26.5, 20.20202, 58448, 36582030
27, 20.100502, 57096, 36842646
27.5, 20.151134, 56420, 37022024
28, 18, 52104, 36488346
28.5, 18.13602, 54964, 35120360
29, 18.045113, 53612, 33380400
29.5, 20.20202, 53248, 35396214
30, 20.151134, 59228, 36743146
30.5, 18.090452, 59956, 37040210
31, 18.090452, 8138, 2532902
