sec, CPU, net_name, net_rx, net_tx
0, 0, 208, 74
0.5, 0, 66500, 23517445
1, 12.121212, 140244, 51486206
1.5, 16.161615, 203684, 62427370
2, 18.181818, 268777, 74364789
2.5, 20.151134, 242476, 75846170
3, 20.151134, 252564, 76726360
3.5, 18.227848, 255632, 75911278
4, 18.227848, 218868, 74173222
4.5, 20.356234, 219434, 75033770
5, 18.274113, 219856, 75368164
5.5, 20.151134, 197334, 73616170
6, 16.243654, 219804, 75723640
6.5, 20.151134, 224120, 75509482
7, 20.253164, 226356, 75197130
7.5, 18.181818, 258336, 75918818
8, 20.253164, 240812, 77196850
8.5, 16.080402, 222092, 75672616
9, 18.045113, 195624, 73752970
9.5, 18.13602, 185692, 73578346
10, 18.045113, 210342, 74800603
10.5, 18.13602, 230777, 76258074
11, 18.045113, 214708, 76488648
11.5, 18.227848, 230048, 76412428
12, 18.227848, 219128, 75209690
12.5, 18.320612, 215280, 75162904
13, 18, 210444, 74802230
13.5, 18.181818, 200824, 75552944
14, 18.13602, 193544, 73833080
14.5, 16.32653, 211172, 76142750
15, 20.304567, 224692, 77027262
15.5, 20.304567, 55768, 13799730
