397864, 0| ens5 208 74| lo 0 0| 
397864, 0| ens5 11376 1037448| lo 0 0| 
397864, 0| ens5 99734 36116510| lo 0 0| 
397864, 14.177216| ens5 177996 55422540| lo 0 0| 
397864, 16.0401| ens5 215072 72838520| lo 0 0| 
397864, 16.0401| ens5 198624 65603528| lo 0 0| 
397864, 12.060302| ens5 115028 44421638| lo 0 0| 
397864, 14.105794| ens5 142584 52721564| lo 0 0| 
397864, 16.080402| ens5 188656 61473320| lo 0 0| 
397864, 20.151134| ens5 274976 72785228| lo 0 0| 
397864, 20.151134| ens5 247052 71726254| lo 0 0| 
397864, 22.391857| ens5 257816 73509706| lo 0 0| 
397864, 20| ens5 234676 73687674| lo 0 0| 
397864, 20.151134| ens5 225940 73468454| lo 0 0| 
397864, 20.050125| ens5 239720 73102982| lo 0 0| 
397864, 24.18136| ens5 231972 72849580| lo 0 0| 
397864, 22.222223| ens5 284232 73609168| lo 0 0| 
397864, 20.20202| ens5 251576 73203190| lo 0 0| 
397864, 22.278482| ens5 257088 73159852| lo 0 0| 
397864, 16.080402| ens5 212648 57544069| lo 0 0| 
397864, 14| ens5 162864 52112870| lo 0 0| 
397864, 18.181818| ens5 217308 66449337| lo 0 0| 
397864, 16.161615| ens5 258440 69039495| lo 0 0| 
397864, 20.20202| ens5 276062 70910852| lo 0 0| 
397864, 20.100502| ens5 273988 72188078| lo 0 0| 
397864, 20.151134| ens5 258856 73285936| lo 0 0| 
397864, 22.222223| ens5 271232 72754888| lo 0 0| 
397864, 20.20202| ens5 250900 72325972| lo 0 0| 
397864, 18.181818| ens5 265408 73381556| lo 0 0| 
397864, 22.222223| ens5 260520 72269648| lo 0 0| 
397864, 18.181818| ens5 274976 74621466| lo 0 0| 
397864, 22.110554| ens5 245648 74856760| lo 0 0| 
397864, 20.151134| ens5 254950 73363674| lo 0 0| 
397864, 20.100502| ens5 247437 73145013| lo 340 340| 
397864, 20.100502| ens5 65700 17508183| lo 0 0| 
