393196, 0| ens5 104 74| lo 0 0| 
393196, 0| ens5 25888 8656652| lo 0 0| 
393196, 20.151134| ens5 35152 20229394| lo 0 0| 
393196, 18.045113| ens5 37128 20846944| lo 0 0| 
393196, 18.045113| ens5 37024 20053722| lo 0 0| 
393196, 20.100502| ens5 39312 20221938| lo 0 0| 
393196, 18.045113| ens5 41184 20272026| lo 0 0| 
393196, 20| ens5 39520 20744658| lo 0 0| 
393196, 20.151134| ens5 35048 21656046| lo 0 0| 
393196, 22.110554| ens5 34996 21012084| lo 0 0| 
393196, 18.090452| ens5 34736 20580594| lo 0 0| 
393196, 20| ens5 36920 22179378| lo 0 0| 
393196, 19.950125| ens5 35152 20730480| lo 0 0| 
393196, 20.100502| ens5 35308 21504134| lo 0 0| 
393196, 20.100502| ens5 38636 21741832| lo 0 0| 
393196, 20| ens5 45604 21229852| lo 0 0| 
393196, 22.166246| ens5 40664 20598514| lo 0 0| 
393196, 18.045113| ens5 38168 20921806| lo 0 0| 
393196, 18.13602| ens5 38584 20598138| lo 0 0| 
393196, 22| ens5 37856 21450254| lo 466 466| 
393196, 24.120604| ens5 46384 24993970| lo 0 0| 
393196, 24.06015| ens5 53820 26297722| lo 0 0| 
393196, 24.120604| ens5 53976 26117556| lo 0 0| 
393196, 24.120604| ens5 51740 25187828| lo 0 0| 
393196, 26.196474| ens5 55634 26187188| lo 0 0| 
393196, 26.130653| ens5 56940 26187642| lo 0 0| 
393196, 24.18136| ens5 49810 25293006| lo 0 0| 
393196, 22.055138| ens5 51116 22555594| lo 0 0| 
393196, 22.055138| ens5 50596 22013102| lo 0 0| 
393196, 18.13602| ens5 49920 22088802| lo 0 0| 
393196, 22.110554| ens5 56212 22078204| lo 0 0| 
393196, 20.050125| ens5 65624 21439296| lo 0 0| 
393196, 22.222223| ens5 59020 24173498| lo 0 0| 
393196, 22.055138| ens5 67652 22689698| lo 0 0| 
393196, 24.06015| ens5 59959 24750135| lo 340 340| 
393196, 24.120604| ens5 55068 25687514| lo 0 0| 
393196, 26.130653| ens5 55848 26025202| lo 0 0| 
393196, 22.055138| ens5 55328 25440332| lo 0 0| 
393196, 26.262627| ens5 51636 26153906| lo 0 0| 
393196, 24| ens5 60736 25880616| lo 0 0| 
393196, 24.06015| ens5 61048 25504968| lo 0 0| 
393196, 24.18136| ens5 57399 25282419| lo 0 0| 
393196, 24.120604| ens5 59540 26117644| lo 0 0| 
393196, 26.065163| ens5 64532 25769182| lo 0 0| 
393196, 22.110554| ens5 53560 24629228| lo 0 0| 
393196, 26.196474| ens5 48620 25589170| lo 0 0| 
393196, 22.110554| ens5 51688 24244672| lo 0 0| 
393196, 24.06015| ens5 58604 25890390| lo 0 0| 
393196, 26.130653| ens5 54364 25958610| lo 0 0| 
393196, 24.120604| ens5 54184 25510376| lo 0 0| 
393196, 24.120604| ens5 53508 25575544| lo 0 0| 
393196, 26.065163| ens5 57824 26235648| lo 0 0| 
393196, 22.110554| ens5 60782 25085040| lo 0 0| 
393196, 20| ens5 47216 21522492| lo 0 0| 
393196, 22.166246| ens5 62088 23345036| lo 0 0| 
393196, 24.120604| ens5 61620 25562246| lo 0 0| 
393196, 26.130653| ens5 50336 25314170| lo 0 0| 
393196, 24.06015| ens5 42692 25461182| lo 0 0| 
393196, 24.120604| ens5 50700 24724610| lo 0 0| 
393196, 24.120604| ens5 48100 25596290| lo 0 0| 
393196, 22.110554| ens5 44668 25484926| lo 0 0| 
393196, 24.18136| ens5 42536 25549836| lo 0 0| 
393196, 24.120604| ens5 40040 24876010| lo 0 0| 
393196, 24| ens5 50468 25976730| lo 0 0| 
393196, 26.130653| ens5 47418 25345404| lo 0 0| 
393196, 24.120604| ens5 44564 25822260| lo 0 0| 
393196, 24.18136| ens5 51064 24853300| lo 0 0| 
393196, 26.065163| ens5 61464 25449882| lo 0 0| 
393196, 24.06015| ens5 47216 25596740| lo 0 0| 
393196, 24.06015| ens5 43524 25365032| lo 0 0| 
393196, 24.120604| ens5 42120 24782076| lo 0 0| 
393196, 22.110554| ens5 46956 25051448| lo 0 0| 
393196, 24.120604| ens5 54132 24140392| lo 0 0| 
393196, 22.055138| ens5 53144 22526216| lo 0 0| 
393196, 18.045113| ens5 54499 21764283| lo 340 340| 
393196, 22.055138| ens5 48308 21434622| lo 0 0| 
393196, 22.222223| ens5 56992 22135670| lo 0 0| 
393196, 20| ens5 44616 22166096| lo 0 0| 
393196, 20.100502| ens5 53560 23218100| lo 0 0| 
393196, 22.166246| ens5 47008 22175034| lo 0 0| 
393196, 22.055138| ens5 47112 22850344| lo 0 0| 
393196, 22| ens5 46072 22488424| lo 0 0| 
393196, 22.110554| ens5 55298 22888351| lo 308 308| 
393196, 20.050125| ens5 44402 21910138| lo 0 0| 
393196, 22.055138| ens5 44252 22894184| lo 0 0| 
393196, 20.100502| ens5 51757 22931317| lo 0 0| 
393196, 24.06015| ens5 49816 22649908| lo 0 0| 
393196, 20.100502| ens5 47064 22531232| lo 0 0| 
393196, 22.055138| ens5 49088 22491460| lo 0 0| 
393196, 22.110554| ens5 48724 22872084| lo 0 0| 
393196, 22.055138| ens5 46488 22667164| lo 0 0| 
393196, 20.050125| ens5 49244 22870850| lo 0 0| 
393196, 20.100502| ens5 49244 22303492| lo 0 0| 
393196, 20| ens5 45448 22471944| lo 0 0| 
393196, 24.120604| ens5 44720 22665636| lo 0 0| 
393196, 20.100502| ens5 42848 21690668| lo 0 0| 
393196, 18.090452| ens5 42692 21048030| lo 0 0| 
393196, 18.090452| ens5 41548 21601636| lo 0 0| 
