sec, CPU, net_name, net_rx, net_tx
0, 0, 208, 74
0.5, 0, 82928, 28746466
1, 12.060302, 186996, 52866772
1.5, 12.151898, 264784, 72465426
2, 16.161615, 239928, 75989660
2.5, 16.161615, 244816, 76252316
3, 14.177216, 227552, 75357908
3.5, 16.202532, 209144, 74259386
4, 16.120907, 251102, 76453252
4.5, 16.161615, 267020, 77018660
5, 16.202532, 250513, 74966861
5.5, 14, 232208, 75475924
6, 16.080402, 573480, 75725521
6.5, 14.141414, 399296, 75502824
7, 18.181818, 219808, 75146220
7.5, 16.202532, 238472, 74937680
8, 18, 226288, 74923154
8.5, 16.202532, 212524, 75351722
9, 16.120907, 192820, 72287210
9.5, 14.070352, 217776, 75928200
10, 16.080402, 230672, 76386882
10.5, 16.161615, 220929, 75513907
11, 14.177216, 205008, 75322637
11.5, 16.0401, 217968, 75992990
12, 16.120907, 219840, 76426662
12.5, 20.356234, 236912, 75383816
13, 14.035088, 237800, 76478631
13.5, 16.161615, 226148, 76920646
14, 14.177216, 215020, 76225520
14.5, 14.177216, 219516, 71593522
