351028, 0| lo 0 0| ens5 156 74| 
351028, 0| lo 0 0| ens5 9664 983128| 
351028, 0| lo 0 0| ens5 32702 9525588| 
351028, 42.211056| lo 0 0| ens5 65416 25761236| 
351028, 42.105263| lo 0 0| ens5 72852 25688206| 
351028, 44| lo 0 0| ens5 55380 26052846| 
351028, 42.211056| lo 0 0| ens5 54600 25855370| 
351028, 42.211056| lo 0 0| ens5 51688 25022604| 
351028, 44.221107| lo 0 0| ens5 70252 27105324| 
351028, 40.201004| lo 0 0| ens5 62712 23964994| 
351028, 36.090225| lo 0 0| ens5 42172 20442820| 
351028, 34.170853| lo 0 0| ens5 51220 21297070| 
351028, 38.190956| lo 0 0| ens5 37232 22577448| 
351028, 40.10025| lo 0 0| ens5 53456 25514680| 
351028, 44.221107| lo 0 0| ens5 44980 25551486| 
351028, 44| lo 0 0| ens5 47424 25418800| 
351028, 42.105263| lo 0 0| ens5 45240 26540986| 
351028, 36.180904| lo 0 0| ens5 42588 21852738| 
351028, 32.0802| lo 0 0| ens5 36764 19453104| 
351028, 34.085213| lo 0 0| ens5 40144 19577436| 
351028, 32.160805| lo 0 0| ens5 51532 19616176| 
351028, 30.075186| lo 0 0| ens5 41912 19226262| 
351028, 34.170853| lo 0 0| ens5 48516 19510660| 
351028, 32| lo 0 0| ens5 44720 19629610| 
351028, 32.160805| lo 0 0| ens5 42484 19340084| 
351028, 34.170853| lo 0 0| ens5 36036 19637252| 
351028, 30.150753| lo 0 0| ens5 39624 19665832| 
351028, 50.377834| lo 0 0| ens5 34248 14475048| 
