382497, 0| lo 0 0| ens5 112 472| 
382497, 0| lo 0 0| ens5 77568 26033433| 
382497, 6.030151| lo 0 0| ens5 139932 47560810| 
382497, 6.030151| lo 0 0| ens5 171050 54232830| 
382497, 8.060453| lo 0 0| ens5 193700 57843690| 
382497, 8.080808| lo 466 466| ens5 218712 65406120| 
382497, 10.126582| lo 0 0| ens5 232492 71227652| 
382497, 12.121212| lo 0 0| ens5 213564 77881148| 
382497, 10.075567| lo 0 0| ens5 213148 75993300| 
382497, 12.182741| lo 0 0| ens5 219538 77983204| 
382497, 10.075567| lo 0 0| ens5 211588 76792792| 
382497, 12.121212| lo 0 0| ens5 207532 77382896| 
382497, 12.151898| lo 0 0| ens5 204568 77038988| 
382497, 10.050251| lo 340 340| ens5 213775 77010903| 
382497, 12.182741| lo 0 0| ens5 184236 76182238| 
382497, 12.121212| lo 0 0| ens5 204308 75789876| 
382497, 10.10101| lo 0 0| ens5 209924 77643138| 
382497, 12.182741| lo 0 0| ens5 207844 76609034| 
382497, 12.09068| lo 0 0| ens5 206960 76017634| 
382497, 10.152284| lo 0 0| ens5 194584 77812580| 
382497, 12.151898| lo 0 0| ens5 213980 76756756| 
382497, 10.152284| lo 0 0| ens5 205608 77618772| 
382497, 12.121212| lo 0 0| ens5 199836 77424996| 
382497, 12.121212| lo 0 0| ens5 211016 76937166| 
382497, 10.126582| lo 0 0| ens5 235196 77235854| 
382497, 12.09068| lo 0 0| ens5 234676 77696086| 
382497, 12.121212| lo 0 0| ens5 241748 78214438| 
382497, 10.152284| lo 0 0| ens5 224025 77443821| 
382497, 11.940298| lo 0 0| ens5 316316 77223448| 
382497, 12.030075| lo 0 0| ens5 600032 77132365| 
382497, 12.030075| lo 0 0| ens5 113072 31195538| 
