365334, 0| ens5 112 472| lo 0 0| 
365334, 0| ens5 56764 19519532| lo 0 0| 
365334, 12.030075| ens5 158656 53057961| lo 0 0| 
365334, 20.20202| ens5 222924 70450346| lo 0 0| 
365334, 18.227848| ens5 233064 74603714| lo 0 0| 
365334, 18.227848| ens5 238680 75742224| lo 0 0| 
365334, 18.090452| ens5 211224 75214982| lo 0 0| 
365334, 20.20202| ens5 214592 74627972| lo 0 0| 
365334, 20.356234| ens5 265928 76291546| lo 0 0| 
365334, 18.181818| ens5 225940 76605214| lo 0 0| 
365334, 20.151134| ens5 250432 77336574| lo 0 0| 
365334, 18.274113| ens5 249392 76902862| lo 0 0| 
365334, 18.13602| ens5 252308 76094716| lo 0 0| 
365334, 20.20202| ens5 253344 76755228| lo 0 0| 
365334, 18.13602| ens5 241644 73867410| lo 0 0| 
365334, 22.222223| ens5 228644 76224132| lo 0 0| 
365334, 18.227848| ens5 219544 75156342| lo 0 0| 
365334, 18.227848| ens5 272032 76526075| lo 0 0| 
365334, 20.20202| ens5 269981 75439446| lo 340 340| 
365334, 18.274113| ens5 237744 76120404| lo 0 0| 
365334, 20.100502| ens5 240604 75266736| lo 0 0| 
365334, 18.320612| ens5 224536 75192206| lo 0 0| 
365334, 20.20202| ens5 259272 75145678| lo 0 0| 
365334, 18.045113| ens5 257244 76800552| lo 0 0| 
365334, 20.253164| ens5 229112 75494216| lo 0 0| 
365334, 18.13602| ens5 214240 75122512| lo 0 0| 
365334, 20.253164| ens5 212628 74413680| lo 0 0| 
365334, 18.13602| ens5 214916 77093576| lo 0 0| 
365334, 22.222223| ens5 227188 75383544| lo 0 0| 
365334, 18.274113| ens5 218036 75510502| lo 0 0| 
365334, 28.211588| ens5 194192 68739152| lo 0 0| 
365334, 28.211588| ens5 0 0| lo 0 0| 
