373916, 0| lo 0 0| ens5 104 74| 
373916, 0| lo 0 0| ens5 71752 22516110| 
373916, 8.02005| lo 0 0| ens5 184756 55874252| 
373916, 12.09068| lo 0 0| ens5 178776 68359666| 
373916, 12.151898| lo 0 0| ens5 213252 73154790| 
373916, 12.151898| lo 0 0| ens5 227240 74489114| 
373916, 14.105794| lo 0 0| ens5 217874 74945010| 
373916, 12.060302| lo 0 0| ens5 218348 73282836| 
373916, 14.141414| lo 0 0| ens5 193752 73582552| 
373916, 12.09068| lo 0 0| ens5 199316 73386642| 
373916, 14.141414| lo 0 0| ens5 211172 74017410| 
373916, 12.060302| lo 0 0| ens5 218764 74279958| 
373916, 14.070352| lo 0 0| ens5 208988 74057072| 
373916, 12.030075| lo 0 0| ens5 230308 72753290| 
373916, 14.249364| lo 0 0| ens5 232440 74921650| 
373916, 12.060302| lo 0 0| ens5 227936 74388889| 
373916, 12.151898| lo 340 340| ens5 204965 73519240| 
373916, 14.035088| lo 0 0| ens5 201136 73306710| 
373916, 14.105794| lo 0 0| ens5 204100 74601386| 
373916, 12.151898| lo 0 0| ens5 202072 74076718| 
373916, 14.035088| lo 0 0| ens5 178984 72346638| 
373916, 12.030075| lo 0 0| ens5 178464 73256836| 
373916, 14.105794| lo 0 0| ens5 182416 72293572| 
373916, 10.126582| lo 0 0| ens5 133016 70577724| 
373916, 12.030075| lo 0 0| ens5 135772 70195894| 
373916, 10.025063| lo 0 0| ens5 121986 68284354| 
373916, 14.070352| lo 0 0| ens5 207896 74402240| 
373916, 10.075567| lo 0 0| ens5 164528 71348924| 
373916, 14.105794| lo 0 0| ens5 189488 73215290| 
373916, 10.050251| lo 0 0| ens5 164996 72600512| 
373916, 10.050251| lo 0 0| ens5 143336 64397858| 
