362423, 0| lo 0 0| ens5 0 74| 
362423, 0| lo 0 0| ens5 60052 25613161| 
362423, 16.161615| lo 0 0| ens5 112320 46852862| 
362423, 20.050125| lo 340 340| ens5 146583 54873929| 
362423, 22.110554| lo 0 0| ens5 165308 63966852| 
362423, 30.226702| lo 0 0| ens5 223444 71792806| 
362423, 30.456852| lo 0 0| ens5 227656 70397364| 
362423, 28.211588| lo 0 0| ens5 219232 70602748| 
362423, 28.426397| lo 0 0| ens5 223912 69803576| 
362423, 28.211588| lo 0 0| ens5 212472 69534838| 
362423, 30.379745| lo 0 0| ens5 241852 73619850| 
362423, 28.282827| lo 0 0| ens5 217360 73666216| 
362423, 24.365482| lo 0 0| ens5 204880 71929896| 
362423, 30.303032| lo 0 0| ens5 207688 70665794| 
362423, 26.196474| lo 0 0| ens5 210132 71579138| 
362423, 30.456852| lo 0 0| ens5 233220 70737516| 
362423, 28.426397| lo 0 0| ens5 174512 68951148| 
362423, 28.498728| lo 0 0| ens5 255112 71382864| 
362423, 30.303032| lo 0 0| ens5 191984 71616736| 
362423, 26.395937| lo 0 0| ens5 184496 71498756| 
362423, 26.329115| lo 0 0| ens5 189072 70973312| 
362423, 28.140703| lo 0 0| ens5 187876 71023554| 
362423, 28.426397| lo 0 0| ens5 208468 72915570| 
362423, 26.329115| lo 0 0| ens5 201546 73085896| 
362423, 28.282827| lo 0 0| ens5 200980 70731714| 
362423, 30.226702| lo 0 0| ens5 249444 71735714| 
362423, 30.303032| lo 0 0| ens5 302432 70258002| 
362423, 26.262627| lo 0 0| ens5 235976 73920186| 
362423, 28.282827| lo 0 0| ens5 240032 71916040| 
362423, 28.426397| lo 0 0| ens5 208312 70047628| 
362423, 28.282827| lo 0 0| ens5 218244 71981372| 
362423, 26.262627| lo 0 0| ens5 228332 72303260| 
362423, 36.363636| lo 0 0| ens5 225964 66495452| 
362423, 36.363636| lo 0 0| ens5 98 54| 
