359561, 0| ens5 260 74| lo 0 0| 
359561, 0| ens5 35140 15240044| lo 0 0| 
359561, 22.110554| ens5 119448 43224845| lo 0 0| 
359561, 26.262627| ens5 127868 47857214| lo 0 0| 
359561, 30.150753| ens5 161928 54885136| lo 0 0| 
359561, 32.0802| ens5 165152 58285984| lo 0 0| 
359561, 32.32323| ens5 176852 59233248| lo 0 0| 
359561, 34.430378| ens5 197132 60645632| lo 0 0| 
359561, 34.430378| ens5 180544 61052446| lo 0 0| 
359561, 32.32323| ens5 181058 62288924| lo 0 0| 
359561, 32.405064| ens5 158652 55890748| lo 0 0| 
359561, 32.241814| ens5 173784 60516818| lo 0 0| 
359561, 36.27204| ens5 169728 63279482| lo 0 0| 
359561, 38.48101| ens5 206076 67461370| lo 0 0| 
359561, 38.578682| ens5 247000 67399952| lo 0 0| 
359561, 32.32323| ens5 183664 59661494| lo 0 0| 
359561, 32.241814| ens5 197652 60140080| lo 0 0| 
359561, 38.676846| ens5 240084 68804890| lo 0 0| 
359561, 40.30227| ens5 246792 70144890| lo 0 0| 
359561, 40.816326| ens5 258544 70247014| lo 0 0| 
359561, 38.287155| ens5 243828 68239532| lo 0 0| 
359561, 40.609135| ens5 247624 69692842| lo 0 0| 
359561, 38.190956| ens5 237432 69305748| lo 0 0| 
359561, 40.201004| ens5 253500 70068576| lo 0 0| 
359561, 38.38384| ens5 249236 70150518| lo 0 0| 
359561, 42.424244| ens5 243516 70574868| lo 0 0| 
359561, 38.287155| ens5 237120 70374974| lo 0 0| 
359561, 40.50633| ens5 243672 70217718| lo 0 0| 
359561, 38.190956| ens5 240812 69996098| lo 0 0| 
359561, 38.190956| ens5 238524 70310710| lo 0 0| 
359561, 40.712467| ens5 261034 70587848| lo 0 0| 
359561, 40.40404| ens5 256776 70956296| lo 0 0| 
359561, 32.241814| ens5 184780 56543680| lo 0 0| 
359561, 24.18136| ens5 115492 43307380| lo 0 0| 
359561, 22.166246| ens5 107016 42524430| lo 466 466| 
359561, 24.120604| ens5 114296 42166482| lo 0 0| 
359561, 72.36181| ens5 51244 16531102| lo 0 0| 
359561, 72.36181| ens5 0 0| lo 0 0| 
