sec, CPU, net_name, net_rx, net_tx
0, 0, 156, 74
0.5, 0, 46012, 19010291
1, 6.04534, 121992, 44914620
1.5, 12.060302, 174512, 60117680
2, 14.070352, 190996, 71044028
2.5, 14.141414, 214968, 73177866
3, 14.177216, 208156, 72696808
3.5, 14.105794, 203996, 72983966
4, 16.243654, 213044, 73293100
4.5, 14.141414, 203921, 72203293
5, 12.030075, 215724, 73259164
5.5, 14.105794, 534508, 71379225
6, 12.030075, 334996, 72002248
6.5, 16.161615, 185748, 73421607
7, 12.121212, 186628, 72947430
7.5, 14.070352, 193908, 72219054
8, 16.243654, 221228, 72881856
8.5, 12.09068, 205160, 72655798
9, 14.141414, 191292, 72923718
9.5, 12.121212, 192784, 72757060
10, 14.213199, 201952, 73308454
10.5, 14.141414, 221748, 73373306
11, 18, 216564, 72605416
11.5, 18.181818, 198280, 71414774
12, 14.035088, 190736, 72942122
12.5, 18.13602, 188556, 72669152
13, 16.120907, 169364, 69072440
13.5, 16.080402, 197652, 69897393
14, 16.202532, 185328, 68897731
14.5, 18.090452, 183658, 69599087
15, 16.0401, 171334, 67684695
15.5, 16.0401, 133820, 47961522
