sec, CPU, net_name, net_rx, net_tx
0, 0, 192, 74
0.5, 0, 6904, 746616
1, 0, 4736, 891724
1.5, 0, 85196, 36980597
2, 10.050251, 143399, 49945524
2.5, 14.105794, 171132, 59751330
3, 14.070352, 232596, 70631156
3.5, 18.045113, 213772, 74750614
4, 18.227848, 208416, 74401934
4.5, 18.045113, 222692, 75018674
5, 16.080402, 210496, 74937476
5.5, 20.100502, 209924, 74871074
6, 18.13602, 222456, 75436860
6.5, 16.120907, 231816, 75134542
7, 20.20202, 223028, 75413426
7.5, 18.13602, 195988, 72602866
8, 18.13602, 223912, 75982968
8.5, 18.181818, 224536, 75674016
9, 18.090452, 220376, 74387804
9.5, 18.181818, 206232, 73685090
10, 20.151134, 243941, 74125489
10.5, 16.161615, 324520, 75332650
11, 16.080402, 602884, 74578294
11.5, 16.080402, 227910, 75922562
12, 14.035088, 159436, 72396155
12.5, 16.080402, 187616, 74974554
13, 18.090452, 193908, 74729410
13.5, 14.070352, 199300, 74390176
14, 16.080402, 198000, 75131478
14.5, 16.120907, 227676, 75318050
15, 16.243654, 205868, 75405042
15.5, 16.080402, 214728, 74138396
16, 16.243654, 228940, 75967510
16.5, 16.243654, 63172, 19969052
