sec, CPU, net_name, net_rx, net_tx
0, 0, 52, 74
0.5, 0, 72222, 26911927
1, 10.075567, 191360, 58252206
1.5, 12.09068, 219388, 71881884
2, 14.070352, 152360, 73033192
2.5, 14.105794, 174564, 75440190
3, 14.177216, 191672, 77924310
3.5, 14.070352, 191984, 77514850
4, 14.141414, 152152, 75177280
4.5, 14.213199, 175084, 75697488
5, 14.177216, 194688, 77397312
5.5, 14.105794, 171184, 75100973
6, 12.09068, 184288, 77862632
6.5, 16.120907, 207688, 76777298
7, 14.177216, 210600, 77772590
7.5, 14.070352, 230100, 78868484
8, 14.249364, 238992, 78238358
8.5, 16.243654, 256256, 79097462
9, 12.151898, 229112, 78509792
9.5, 16.161615, 207532, 77086114
10, 14.105794, 217360, 77833564
10.5, 14.141414, 238004, 78308168
11, 16.284986, 232232, 79339702
11.5, 14.141414, 245284, 79087364
12, 16.284986, 215488, 78516498
12.5, 14.105794, 227552, 78562610
13, 14.141414, 221780, 78789482
13.5, 14.105794, 216008, 78870236
14, 16.202532, 225009, 78950769
14.5, 16.202532, 125744, 33534974
