sec, CPU, net_name, net_rx, net_tx
0, 0, 216, 74
0.5, 0, 11632, 1125978
1, 0, 8944, 1168086
1.5, 0, 13312, 3775062
2, 14.035088, 111956, 42064452
2.5, 16.080402, 147940, 49911646
3, 20.151134, 183092, 55400932
3.5, 18.227848, 167700, 54037212
4, 22.278482, 135044, 57844942
4.5, 22.222223, 205290, 67704372
5, 22.166246, 203164, 69998698
5.5, 26.262627, 223340, 70940636
6, 26.262627, 251830, 70316192
6.5, 22.278482, 224016, 70701484
7, 26.196474, 212524, 71280842
7.5, 24.242424, 229580, 70544082
8, 26.395937, 253448, 70971074
8.5, 24.18136, 237484, 70145036
9, 24.365482, 243776, 70518740
9.5, 24.303797, 236187, 71330283
10, 26.130653, 225206, 70841444
10.5, 24.18136, 213044, 70235474
11, 26.463104, 212888, 70811220
11.5, 24.18136, 185484, 70617720
12, 22.278482, 192920, 70559734
12.5, 26.196474, 182052, 70715712
13, 24.242424, 195780, 70879036
13.5, 26.262627, 222248, 70997588
14, 24.303797, 222924, 71850930
14.5, 24.242424, 217932, 71563958
15, 26.395937, 226772, 72390752
15.5, 26.065163, 227344, 71328662
16, 24.303797, 216580, 72101340
16.5, 24.303797, 203684, 71607196
17, 26.262627, 219804, 71977768
17.5, 26.262627, 124408, 39532432
