sec, CPU, net_name, net_rx, net_tx
0, 0, 208, 74
0.5, 0, 11376, 1037448
1, 0, 99734, 36116510
1.5, 14.177216, 177996, 55422540
2, 16.0401, 215072, 72838520
2.5, 16.0401, 198624, 65603528
3, 12.060302, 115028, 44421638
3.5, 14.105794, 142584, 52721564
4, 16.080402, 188656, 61473320
4.5, 20.151134, 274976, 72785228
5, 20.151134, 247052, 71726254
5.5, 22.391857, 257816, 73509706
6, 20, 234676, 73687674
6.5, 20.151134, 225940, 73468454
7, 20.050125, 239720, 73102982
7.5, 24.18136, 231972, 72849580
8, 22.222223, 284232, 73609168
8.5, 20.20202, 251576, 73203190
9, 22.278482, 257088, 73159852
9.5, 16.080402, 212648, 57544069
10, 14, 162864, 52112870
10.5, 18.181818, 217308, 66449337
11, 16.161615, 258440, 69039495
11.5, 20.20202, 276062, 70910852
12, 20.100502, 273988, 72188078
12.5, 20.151134, 258856, 73285936
13, 22.222223, 271232, 72754888
13.5, 20.20202, 250900, 72325972
14, 18.181818, 265408, 73381556
14.5, 22.222223, 260520, 72269648
15, 18.181818, 274976, 74621466
15.5, 22.110554, 245648, 74856760
16, 20.151134, 254950, 73363674
16.5, 20.100502, 247437, 73145013
17, 20.100502, 65700, 17508183
