sec, CPU, net_name, net_rx, net_tx
0, 0, 156, 74
0.5, 0, 43357, 16352651
1, 10.126582, 167233, 52156346
1.5, 16.0401, 213564, 71139552
2, 16.243654, 208156, 73921130
2.5, 14.105794, 239564, 74763712
3, 16.202532, 211224, 73920346
3.5, 14.141414, 185432, 73393470
4, 16.161615, 207584, 75198662
4.5, 14.141414, 190164, 73461792
5, 16.202532, 216996, 75110854
5.5, 14.141414, 262163, 75284571
6, 13.861386, 282072, 75645002
6.5, 14.070352, 706408, 75678546
7, 14.141414, 222288, 76100459
7.5, 14.141414, 239824, 75851264
8, 14.070352, 234156, 75654646
8.5, 12.060302, 213980, 74504060
9, 14.105794, 243072, 76172859
9.5, 14.141414, 227744, 75312062
10, 16.161615, 231956, 75490448
10.5, 14.141414, 237988, 75361442
11, 14.141414, 229808, 75155568
11.5, 12.121212, 205056, 74596948
12, 14.141414, 206512, 74908128
12.5, 18.13602, 221348, 74062036
13, 16, 219288, 75320089
13.5, 14.141414, 234676, 75980228
14, 14.177216, 259016, 76585633
14.5, 12.121212, 235352, 76017952
15, 12.121212, 12608, 869368
