sec, CPU, net_name, net_rx, net_tx
0, 0, 104, 74
0.5, 0, 25888, 8656652
1, 20.151134, 35152, 20229394
1.5, 18.045113, 37128, 20846944
2, 18.045113, 37024, 20053722
2.5, 20.100502, 39312, 20221938
3, 18.045113, 41184, 20272026
3.5, 20, 39520, 20744658
4, 20.151134, 35048, 21656046
4.5, 22.110554, 34996, 21012084
5, 18.090452, 34736, 20580594
5.5, 20, 36920, 22179378
6, 19.950125, 35152, 20730480
6.5, 20.100502, 35308, 21504134
7, 20.100502, 38636, 21741832
7.5, 20, 45604, 21229852
8, 22.166246, 40664, 20598514
8.5, 18.045113, 38168, 20921806
9, 18.13602, 38584, 20598138
9.5, 22, 37856, 21450254
10, 24.120604, 46384, 24993970
10.5, 24.06015, 53820, 26297722
11, 24.120604, 53976, 26117556
11.5, 24.120604, 51740, 25187828
12, 26.196474, 55634, 26187188
12.5, 26.130653, 56940, 26187642
13, 24.18136, 49810, 25293006
13.5, 22.055138, 51116, 22555594
14, 22.055138, 50596, 22013102
14.5, 18.13602, 49920, 22088802
15, 22.110554, 56212, 22078204
15.5, 20.050125, 65624, 21439296
16, 22.222223, 59020, 24173498
16.5, 22.055138, 67652, 22689698
17, 24.06015, 59959, 24750135
17.5, 24.120604, 55068, 25687514
18, 26.130653, 55848, 26025202
18.5, 22.055138, 55328, 25440332
19, 26.262627, 51636, 26153906
19.5, 24, 60736, 25880616
20, 24.06015, 61048, 25504968
20.5, 24.18136, 57399, 25282419
21, 24.120604, 59540, 26117644
21.5, 26.065163, 64532, 25769182
22, 22.110554, 53560, 24629228
22.5, 26.196474, 48620, 25589170
23, 22.110554, 51688, 24244672
23.5, 24.06015, 58604, 25890390
24, 26.130653, 54364, 25958610
24.5, 24.120604, 54184, 25510376
25, 24.120604, 53508, 25575544
25.5, 26.065163, 57824, 26235648
26, 22.110554, 60782, 25085040
26.5, 20, 47216, 21522492
27, 22.166246, 62088, 23345036
27.5, 24.120604, 61620, 25562246
28, 26.130653, 50336, 25314170
28.5, 24.06015, 42692, 25461182
29, 24.120604, 50700, 24724610
29.5, 24.120604, 48100, 25596290
30, 22.110554, 44668, 25484926
30.5, 24.18136, 42536, 25549836
31, 24.120604, 40040, 24876010
31.5, 24, 50468, 25976730
32, 26.130653, 47418, 25345404
32.5, 24.120604, 44564, 25822260
33, 24.18136, 51064, 24853300
33.5, 26.065163, 61464, 25449882
34, 24.06015, 47216, 25596740
34.5, 24.06015, 43524, 25365032
35, 24.120604, 42120, 24782076
35.5, 22.110554, 46956, 25051448
36, 24.120604, 54132, 24140392
36.5, 22.055138, 53144, 22526216
37, 18.045113, 54499, 21764283
37.5, 22.055138, 48308, 21434622
38, 22.222223, 56992, 22135670
38.5, 20, 44616, 22166096
39, 20.100502, 53560, 23218100
39.5, 22.166246, 47008, 22175034
40, 22.055138, 47112, 22850344
40.5, 22, 46072, 22488424
41, 22.110554, 55298, 22888351
41.5, 20.050125, 44402, 21910138
42, 22.055138, 44252, 22894184
42.5, 20.100502, 51757, 22931317
43, 24.06015, 49816, 22649908
43.5, 20.100502, 47064, 22531232
44, 22.055138, 49088, 22491460
44.5, 22.110554, 48724, 22872084
45, 22.055138, 46488, 22667164
45.5, 20.050125, 49244, 22870850
46, 20.100502, 49244, 22303492
46.5, 20, 45448, 22471944
47, 24.120604, 44720, 22665636
47.5, 20.100502, 42848, 21690668
48, 18.090452, 42692, 21048030
48.5, 18.090452, 41548, 21601636
