sec, CPU, net_name, net_rx, net_tx
0, 0, 104, 74
0.5, 0, 83864, 27012364
1, 12.09068, 176700, 58776933
1.5, 16.080402, 271544, 74028612
2, 18.13602, 284440, 77483184
2.5, 16.202532, 277264, 78004238
3, 18.274113, 255314, 76360300
3.5, 16.202532, 253760, 76905084
4, 18.227848, 253552, 78044354
4.5, 16.161615, 242268, 75250480
5, 18.227848, 249600, 77308484
5.5, 16.080402, 256360, 77330577
6, 20.100502, 234572, 76318512
6.5, 16.080402, 247052, 77534714
7, 18.227848, 261248, 78317552
7.5, 14.177216, 260520, 77626070
8, 20.253164, 262184, 76933786
8.5, 16.161615, 259688, 76520140
9, 18.13602, 271856, 78006670
9.5, 18.227848, 314132, 78304980
10, 16.202532, 292396, 76914128
10.5, 18.045113, 275438, 75758238
11, 18.320612, 285636, 77821894
11.5, 18.181818, 272012, 77127092
12, 13.930347, 161408, 66530551
12.5, 18.274113, 284336, 77092894
13, 16.120907, 254956, 77208992
13.5, 20.253164, 278980, 77401912
14, 18.181818, 273832, 77449388
14.5, 18.181818, 195024, 54658856
