sec, CPU, net_name, net_rx, net_tx
0, 0, 268, 140
0.5, 0, 67528, 31288502
1, 10.075567, 130108, 50452308
1.5, 10.050251, 168428, 59410812
2, 12.09068, 201500, 66602100
2.5, 14.177216, 259324, 76405286
3, 16.0401, 225420, 77976120
3.5, 12.060302, 201968, 77557138
4, 18.13602, 200957, 75539353
4.5, 11.940298, 204180, 77503898
5, 18.13602, 641416, 78696050
5.5, 14.141414, 291812, 78621700
6, 16.120907, 205144, 76731385
6.5, 16.243654, 198588, 76077589
7, 18.181818, 222092, 80132008
7.5, 16.202532, 208416, 77598990
8, 16.243654, 214916, 77611368
8.5, 16.161615, 224644, 77855776
9, 16.161615, 217240, 78896022
9.5, 16.120907, 226630, 79514404
10, 16.284986, 218696, 78109892
10.5, 16.161615, 209960, 78485284
11, 16.202532, 216824, 78266864
11.5, 18.227848, 227296, 79330104
12, 24.120604, 235200, 78651951
12.5, 15.880893, 199472, 77927136
13, 14.070352, 209408, 77758018
13.5, 16, 187616, 77303052
14, 14.070352, 198276, 78408086
14.5, 14.070352, 46876, 15238539
