sec, CPU, net_name, net_rx, net_tx
0, 0, 316, 140
0.5, 0, 20470, 5217146
1, 32.241814, 115388, 37243729
1.5, 28.070175, 87312, 37980888
2, 30.150753, 92092, 38287594
2.5, 36.090225, 102122, 39175728
3, 30.534351, 102232, 38111530
3.5, 32.0802, 101712, 38128250
4, 32.241814, 116428, 38630898
4.5, 34, 140764, 39312198
5, 32.0802, 138840, 39244134
5.5, 34.170853, 151476, 38630898
6, 34.170853, 149864, 38494572
6.5, 32.241814, 164400, 37540926
7, 32.405064, 141044, 38426863
7.5, 36.090225, 150631, 39455996
8, 33.915215, 153400, 39107742
8.5, 32.32323, 146224, 38290248
9, 34.085213, 154128, 38085924
9.5, 32.241814, 157456, 38153988
10, 34.256927, 153868, 38085858
10.5, 32, 164684, 38264576
11, 32.160805, 160524, 38315986
11.5, 33.915215, 148772, 38222118
12, 34, 141960, 38154120
12.5, 32.32323, 132340, 38017662
13, 34.170853, 145340, 38903484
13.5, 32.241814, 134094, 38631022
14, 34, 154024, 38154054
14.5, 32.160805, 158236, 38358378
15, 32, 140868, 37608882
15.5, 34, 142168, 38358444
16, 34.256927, 132334, 39244122
16.5, 32.0802, 130104, 38085858
17, 34, 128596, 37949664
17.5, 32.0802, 138008, 37813338
18, 33.915215, 153140, 38222118
18.5, 32.241814, 153088, 37745208
19, 34.256927, 159224, 38835222
19.5, 34.170853, 160212, 38699028
20, 34, 165828, 38971614
20.5, 34.256927, 155740, 38835354
21, 34.170853, 131560, 38630898
21.5, 32, 144300, 38153988
22, 34.085213, 137904, 38494638
22.5, 34.085213, 136702, 38154042
23, 34.170853, 142740, 38085924
23.5, 32, 133588, 38290314
24, 34.085213, 130416, 38085858
24.5, 32.32323, 132912, 38153988
25, 32, 137228, 38290248
25.5, 34.170853, 137332, 38197102
26, 32.241814, 135044, 38179136
26.5, 34.256927, 129480, 38152474
27, 32.241814, 120515, 37810605
27.5, 32.160805, 141811, 38096237
28, 34.256927, 132756, 37813338
28.5, 32, 132288, 37949598
29, 34.256927, 141232, 38211520
29.5, 34.256927, 123004, 31161164
