sec, CPU, net_name, net_rx, net_tx
0, 0, 156, 74
0.5, 0, 20580, 7461796
1, 8.080808, 147892, 45827778
1.5, 14.105794, 220376, 63604116
2, 18.090452, 199888, 72169362
2.5, 14.141414, 196248, 72990818
3, 16.161615, 215228, 73413066
3.5, 16.202532, 199940, 73428342
4, 16.202532, 247000, 73170582
4.5, 16.120907, 259792, 74412400
5, 18.227848, 250380, 74384332
5.5, 14.177216, 227864, 73543216
6, 18.181818, 228644, 73282966
6.5, 16.202532, 220312, 71941828
7, 14.141414, 219284, 73104768
7.5, 16.202532, 152100, 67819232
8, 14.177216, 171080, 70578190
8.5, 16.080402, 160732, 70231426
9, 12.182741, 159640, 69497666
9.5, 14.141414, 130572, 67218370
10, 14.105794, 117520, 63510716
10.5, 14.177216, 139100, 66306657
11, 14.177216, 180249, 71205915
11.5, 16.161615, 192296, 71562270
12, 18.181818, 201448, 71135900
12.5, 18.274113, 231764, 72986734
13, 16.161615, 226252, 71900590
13.5, 16.161615, 230308, 72983264
14, 18.227848, 230152, 73277204
14.5, 18.274113, 224328, 73379698
15, 18.274113, 239824, 71186524
15.5, 18.274113, 200380, 46387619
