323416, 0| lo 0 0| ens5 104 74| 
323416, 0| lo 0 0| ens5 11692 1070710| 
323416, 0| lo 0 0| ens5 35308 14576004| 
323416, 12.09068| lo 0 0| ens5 137228 45772238| 
323416, 18.13602| lo 0 0| ens5 171236 57911688| 
323416, 22.335026| lo 0 0| ens5 221780 68580274| 
323416, 22.166246| lo 0 0| ens5 222976 71795672| 
323416, 22.110554| lo 0 0| ens5 212466 71560094| 
323416, 26.329115| lo 0 0| ens5 219960 72177354| 
323416, 22.110554| lo 340 340| ens5 223097 71583741| 
323416, 22.222223| lo 0 0| ens5 244452 72394724| 
323416, 24.242424| lo 0 0| ens5 199784 71670398| 
323416, 22.166246| lo 0 0| ens5 242892 71377730| 
323416, 22.222223| lo 0 0| ens5 227240 71954548| 
323416, 22.335026| lo 0 0| ens5 212680 71205372| 
323416, 24.303797| lo 0 0| ens5 214656 71601044| 
323416, 20.253164| lo 0 0| ens5 204256 70649342| 
323416, 24.18136| lo 0 0| ens5 213044 71653554| 
323416, 24.42748| lo 0 0| ens5 236704 72292268| 
323416, 22.110554| lo 0 0| ens5 231868 71761364| 
323416, 24.365482| lo 724 724| ens5 238485 71720071| 
323416, 20.253164| lo 0 0| ens5 212216 71754880| 
323416, 26.329115| lo 0 0| ens5 211432 71495582| 
323416, 22.335026| lo 0 0| ens5 234832 72134732| 
323416, 22.166246| lo 0 0| ens5 231036 71652242| 
323416, 24.242424| lo 0 0| ens5 211900 71980430| 
323416, 22.278482| lo 0 0| ens5 201344 72040254| 
323416, 22.335026| lo 0 0| ens5 211952 71058984| 
323416, 22.335026| lo 0 0| ens5 190892 71232432| 
323416, 24.18136| lo 0 0| ens5 205036 70955804| 
323416, 22.222223| lo 0 0| ens5 216944 71958522| 
323416, 22.222223| lo 0 0| ens5 228072 71880352| 
323416, 24.489796| lo 0 0| ens5 231012 72198530| 
323416, 24.489796| lo 0 0| ens5 215928 62900586| 
