sec, CPU, net_name, net_rx, net_tx
0, 0, 52, 74
0.5, 0, 67696, 25963115
1, 12.030075, 155948, 51384504
1.5, 16.243654, 184756, 68143252
2, 20.20202, 185016, 74541860
2.5, 18.227848, 193544, 73041992
3, 18.227848, 211692, 73347752
3.5, 18.227848, 219752, 73891308
4, 18.13602, 184334, 73027086
4.5, 20.253164, 189072, 73895541
5, 18.13602, 175240, 72658374
5.5, 18.181818, 181844, 72920046
6, 18.090452, 196352, 74011888
6.5, 16.202532, 197912, 72816362
7, 22.278482, 207584, 74919045
7.5, 16.120907, 188760, 70936866
8, 20.151134, 227448, 74230636
8.5, 18.227848, 211952, 73410290
9, 14.177216, 146733, 52282094
9.5, 10.025063, 127244, 46258654
10, 12.09068, 147256, 50179070
10.5, 10.050251, 137552, 46207544
11, 10.10101, 146328, 48985470
11.5, 12.09068, 153920, 50249660
12, 12.09068, 173472, 51195910
12.5, 10.050251, 170040, 51301890
13, 14.105794, 195728, 53005140
13.5, 12.060302, 181324, 53890830
14, 12.09068, 185640, 54572130
14.5, 12.121212, 199368, 55117170
15, 12.121212, 185224, 54776520
15.5, 12.121212, 204932, 55389690
16, 14.141414, 195520, 55662210
16.5, 10.126582, 188344, 56956680
17, 14.141414, 184860, 56888550
17.5, 12.030075, 178464, 56207250
18, 12.030075, 44952, 12584689
