sec, CPU, net_name, net_rx, net_tx
0, 0, 104, 74
0.5, 0, 34312, 16528318
1, 40, 43264, 27202214
1.5, 28.211588, 32244, 16436430
2, 22, 37180, 15513302
2.5, 24.06015, 31304, 16953116
3, 32.0802, 36862, 19688902
3.5, 30.075186, 41080, 19573784
4, 28.070175, 36764, 18644550
4.5, 28.070175, 40404, 20101490
5, 30.075186, 37544, 19659018
5.5, 31.9202, 36816, 20539628
6, 30.150753, 34008, 19458728
6.5, 28.070175, 34476, 20043384
7, 32.0802, 38532, 20064778
7.5, 30.000002, 44460, 19597568
8, 30.075186, 41704, 20202160
8.5, 32.0802, 38636, 19612980
9, 26.130653, 36868, 19307554
9.5, 32.0802, 42120, 20713826
10, 28, 36088, 20002824
10.5, 30.150753, 33540, 18964644
11, 30.075186, 31408, 19829836
11.5, 30.000002, 31096, 19767456
12, 30.150753, 34320, 19933276
12.5, 30.075186, 53040, 20791946
13, 32.160805, 48718, 19741958
13.5, 30.075186, 41688, 19852952
14, 28.140703, 40164, 20412712
14.5, 30.150753, 38952, 19979778
15, 32.160805, 39072, 20020754
15.5, 32.160805, 41808, 20113826
16, 30.075186, 36296, 20563940
16.5, 28.140703, 37596, 19832678
17, 32.160805, 33592, 19381298
17.5, 28.070175, 39260, 19374210
18, 30.150753, 47753, 20643857
18.5, 32.241814, 30518, 19822134
19, 30.075186, 37856, 19490580
19.5, 30.150753, 38012, 20442886
20, 28.140703, 35204, 19817538
20.5, 32, 31772, 19828136
21, 28, 35412, 19723736
21.5, 28.211588, 37783, 19045911
22, 30.075186, 33488, 19558492
22.5, 32.0802, 38532, 20348176
23, 30.150753, 37076, 19537712
23.5, 30.150753, 41600, 20974090
24, 30.000002, 40196, 19700776
24.5, 30.075186, 34632, 19614054
25, 30.150753, 35568, 19826688
25.5, 30.075186, 37076, 20626574
26, 30.075186, 36764, 20139460
26.5, 30.150753, 37232, 19899228
27, 32.160805, 32344, 19613148
27.5, 28.140703, 36296, 20280888
28, 30.075186, 33332, 20417148
28.5, 30.150753, 34528, 19290282
29, 30.075186, 31824, 20117760
29.5, 30.075186, 31876, 19504206
30, 30.075186, 34892, 19672194
30.5, 26.065163, 42224, 19436076
31, 36, 40404, 20362578
31.5, 28.140703, 47788, 20839554
32, 28.070175, 37024, 19044902
32.5, 30.075186, 34320, 17925600
33, 30.226702, 35302, 20529238
33.5, 28.070175, 39306, 19969770
34, 32.160805, 35776, 19700248
34.5, 30.075186, 38064, 20053656
35, 30.150753, 35828, 19789470
35.5, 27.930174, 48897, 20838156
36, 32.160805, 40144, 19976036
36.5, 32.160805, 37492, 19960872
37, 28.070175, 38532, 19223098
37.5, 30.075186, 40144, 20580474
38, 28, 45087, 20020209
38.5, 32.160805, 38948, 20062318
39, 30.075186, 37388, 20016360
39.5, 30.075186, 46488, 20200004
40, 32.0802, 41178, 20213384
40.5, 32.0802, 40924, 20265546
41, 28.140703, 34424, 20244622
41.5, 32.160805, 40976, 20695724
42, 28.070175, 39052, 19259552
42.5, 28.070175, 31564, 18953878
43, 30.150753, 34320, 19572182
43.5, 32.241814, 35152, 19829804
44, 28.070175, 38012, 20378912
44.5, 32.160805, 34632, 19896652
45, 28, 35880, 19760792
45.5, 32.160805, 35672, 19827014
46, 30.150753, 32968, 19937546
46.5, 27.930174, 34528, 20582894
47, 30.226702, 37180, 19347478
47.5, 32.160805, 40560, 20663032
48, 30.150753, 40976, 19933500
48.5, 30.150753, 35666, 19796396
49, 30.075186, 40300, 20499704
49.5, 30.075186, 38792, 19704702
50, 30.150753, 36556, 19581868
50.5, 30.075186, 37492, 20537754
51, 30.150753, 34788, 19466940
51.5, 30.075186, 32708, 19343136
52, 28.070175, 35360, 19779624
52.5, 32.160805, 32084, 20601856
53, 30.075186, 32396, 19730408
53.5, 30.000002, 39334, 19999842
54, 30.226702, 40976, 19995486
54.5, 30.150753, 40924, 20324618
55, 32.241814, 41756, 20020374
55.5, 28.140703, 37679, 20162735
56, 32.0802, 39676, 20786498
56.5, 28.070175, 39364, 20173048
57, 28.070175, 37024, 20340148
