sec, CPU, net_name, net_rx, net_tx
0, 0, 208, 74
0.5, 0, 84492, 28149254
1, 20.151134, 233636, 59901988
1.5, 24.365482, 272584, 71969061
2, 24.365482, 268164, 73538164
2.5, 26.329115, 259116, 73875614
3, 22.335026, 247936, 73414216
3.5, 24.303797, 279136, 73395208
4, 26.329115, 260988, 73665310
4.5, 22.278482, 240552, 73313176
5, 26.395937, 253344, 73841422
5.5, 24.303797, 245180, 72695540
6, 24.18136, 260156, 73732478
6.5, 24.489796, 246116, 72263232
7, 24.18136, 252252, 73382226
7.5, 26.262627, 264934, 72838892
8, 22.222223, 279968, 73930912
8.5, 24.365482, 260052, 72854096
9, 26.262627, 263588, 73441348
9.5, 24.42748, 258908, 73205508
10, 26.065163, 249132, 73557690
10.5, 24.303797, 277836, 74128694
11, 24.303797, 248450, 73565378
11.5, 24.303797, 242944, 73228682
12, 24.303797, 248736, 74263077
12.5, 24.365482, 253705, 73239514
13, 26.262627, 281320, 73653798
13.5, 22.391857, 270972, 73325330
14, 26.395937, 250744, 72564814
14.5, 22.448978, 253968, 73092494
15, 26.262627, 237588, 72245676
15.5, 26.262627, 166268, 46225827
