sec, CPU, net_name, net_rx, net_tx
0, 0, 104, 74
0.5, 0, 11692, 1070710
1, 0, 35308, 14576004
1.5, 12.09068, 137228, 45772238
2, 18.13602, 171236, 57911688
2.5, 22.335026, 221780, 68580274
3, 22.166246, 222976, 71795672
3.5, 22.110554, 212466, 71560094
4, 26.329115, 219960, 72177354
4.5, 22.110554, 223097, 71583741
5, 22.222223, 244452, 72394724
5.5, 24.242424, 199784, 71670398
6, 22.166246, 242892, 71377730
6.5, 22.222223, 227240, 71954548
7, 22.335026, 212680, 71205372
7.5, 24.303797, 214656, 71601044
8, 20.253164, 204256, 70649342
8.5, 24.18136, 213044, 71653554
9, 24.42748, 236704, 72292268
9.5, 22.110554, 231868, 71761364
10, 24.365482, 238485, 71720071
10.5, 20.253164, 212216, 71754880
11, 26.329115, 211432, 71495582
11.5, 22.335026, 234832, 72134732
12, 22.166246, 231036, 71652242
12.5, 24.242424, 211900, 71980430
13, 22.278482, 201344, 72040254
13.5, 22.335026, 211952, 71058984
14, 22.335026, 190892, 71232432
14.5, 24.18136, 205036, 70955804
15, 22.222223, 216944, 71958522
15.5, 22.222223, 228072, 71880352
16, 24.489796, 231012, 72198530
16.5, 24.489796, 215928, 62900586
