sec, CPU, net_name, net_rx, net_tx
0, 0, 52, 74
0.5, 0, 68424, 28003049
1, 10, 116792, 44830728
1.5, 12.09068, 161356, 50349456
2, 14.141414, 187876, 55595532
2.5, 16.243654, 200044, 60773346
3, 16.161615, 214136, 67573568
3.5, 18.461538, 213512, 74682038
4, 22.110554, 212836, 77201090
4.5, 20.20202, 204984, 76660506
5, 20.050125, 188078, 76100308
5.5, 18.227848, 207636, 77155724
6, 22.391857, 208000, 76998166
6.5, 20.20202, 194428, 76941408
7, 18.367348, 185900, 76031726
7.5, 20.253164, 186056, 74977250
8, 22.166246, 203008, 77060200
8.5, 18.181818, 229990, 76385642
9, 20.20202, 211588, 77900790
9.5, 20.253164, 217464, 77857260
10, 20.151134, 209560, 77876152
10.5, 20.151134, 199108, 76369326
11, 20.050125, 182052, 74554954
11.5, 18.181818, 191880, 76152706
12, 19.950125, 229840, 76738394
12.5, 22.222223, 241644, 77226786
13, 20.20202, 260020, 77089071
13.5, 20.050125, 240067, 75119950
14, 18.13602, 214136, 72903104
14.5, 22.222223, 227396, 76627512
15, 22.222223, 156492, 52091448
