sec, CPU, net_name, net_rx, net_tx
0, 0, 104, 74
0.5, 0, 83760, 27348876
1, 24.242424, 181744, 49328818
1.5, 32.405064, 237380, 62188374
2, 32.32323, 256828, 68617304
2.5, 34.430378, 242476, 68802274
3, 32.405064, 243776, 68812322
3.5, 36.455696, 226928, 68018750
4, 32.32323, 232388, 68199908
4.5, 38.38384, 288912, 69908700
5, 32.32323, 202280, 66690654
5.5, 34.343433, 204510, 67039874
6, 32.405064, 220532, 63648440
6.5, 32.160805, 189748, 66480204
7, 36.548225, 215852, 67241542
7.5, 36.363636, 212108, 68907384
8, 34.343433, 256984, 69473558
8.5, 36.363636, 297908, 70663304
9, 38.578682, 310960, 73311900
9.5, 34.343433, 257556, 66764320
10, 34.430378, 251368, 66758730
10.5, 36.641224, 295048, 71319750
11, 30.075186, 219076, 61717852
11.5, 32.405064, 272480, 63178914
12, 26.262627, 200356, 54096408
12.5, 26.395937, 187350, 56412816
13, 32.405064, 205608, 64491674
13.5, 34.343433, 238472, 68032536
14, 34.256927, 222976, 68630248
14.5, 34.430378, 228228, 68092544
15, 32.48731, 253136, 68970578
15.5, 34.430378, 239564, 68265132
16, 34.430378, 233064, 68614612
16.5, 34.430378, 224328, 67729980
