sec, CPU, net_name, net_rx, net_tx
0, 0, 52, 74
0.5, 0, 52612, 21068212
1, 14.249364, 138532, 48718476
1.5, 14.035088, 202176, 62999706
2, 22.278482, 255632, 75408340
2.5, 22.278482, 280124, 76383958
3, 20.408163, 236912, 76054453
3.5, 22.166246, 231238, 75212324
4, 20.20202, 247156, 76345482
4.5, 20.253164, 230412, 76466366
5, 24.303797, 236496, 77062741
5.5, 18.181818, 225940, 74871866
6, 22.391857, 243308, 76265886
6.5, 20.151134, 231452, 75672820
7, 20.20202, 236080, 74635070
7.5, 22.222223, 232648, 77655630
8, 20.151134, 217048, 75323966
8.5, 20.408163, 221416, 75370942
9, 22.222223, 226772, 76700430
9.5, 20.253164, 222612, 76270664
10, 24.18136, 239304, 75455790
10.5, 18.181818, 205868, 73538196
11, 22.110554, 231140, 75503724
11.5, 18.227848, 262334, 76565744
12, 22.110554, 261768, 75959636
12.5, 20.253164, 229320, 75134260
13, 20.20202, 226980, 73509206
13.5, 22.391857, 235820, 73046190
14, 20.151134, 269828, 76729822
14.5, 20.356234, 237640, 75070142
15, 22.391857, 261612, 76897104
15.5, 22.391857, 32992, 7697106
