sec, CPU, net_name, net_rx, net_tx
0, 0, 208, 74
0.5, 0, 53556, 21406651
1, 10.075567, 125944, 49548022
1.5, 18.227848, 174148, 64159934
2, 24.365482, 260988, 76868584
2.5, 22.278482, 230464, 74207718
3, 22.278482, 216427, 73651205
3.5, 22.222223, 207740, 73081663
4, 22.335026, 252304, 74084515
4.5, 24.365482, 231452, 73265635
5, 22.335026, 226148, 75129026
5.5, 22.222223, 222924, 73701326
6, 24.303797, 219492, 74484177
6.5, 20.20202, 223080, 74133558
7, 24.242424, 228748, 74092693
7.5, 24.365482, 223444, 74008549
8, 22.222223, 226980, 74263199
8.5, 22.222223, 252148, 74305805
9, 26.395937, 265118, 75582915
9.5, 22.222223, 232804, 74635684
10, 20.356234, 227344, 74705557
10.5, 20.100502, 177765, 72522005
11, 14.177216, 97744, 65767478
11.5, 16.0401, 624668, 68671281
12, 16.284986, 158800, 70288276
12.5, 16.120907, 174152, 73381292
13, 16.120907, 164990, 74296794
13.5, 18.227848, 158652, 70997670
14, 14.213199, 141336, 68566036
14.5, 18.181818, 161044, 70478014
15, 16.120907, 190268, 72794744
15.5, 16.120907, 28676, 8224315
