sec, CPU, net_name, net_rx, net_tx
0, 0, 164, 472
0.5, 0, 72108, 25558436
1, 12.060302, 164424, 52462538
1.5, 14.105794, 201760, 62795086
2, 20.253164, 251732, 72798208
2.5, 20.100502, 238264, 72180696
3, 18.13602, 224952, 71360125
3.5, 20.253164, 241748, 71373215
4, 22.166246, 233792, 72310546
4.5, 20.151134, 244452, 70403599
5, 18.13602, 249392, 71398488
5.5, 20.100502, 257816, 73866893
6, 18.181818, 218816, 71188102
6.5, 16, 249392, 73873548
7, 18.090452, 258492, 73422570
7.5, 18, 266806, 72932716
8, 18.090452, 244608, 72726570
8.5, 18.181818, 241592, 73027374
9, 16.161615, 261352, 73084506
9.5, 18.227848, 205036, 70280302
10, 18.274113, 211640, 73259906
10.5, 18.090452, 233792, 72099612
11, 16.202532, 235196, 73116324
11.5, 22.222223, 196848, 72010453
12, 18.320612, 181448, 69915265
12.5, 16.202532, 221671, 73690606
13, 20.151134, 209144, 71874800
13.5, 18.227848, 228332, 72489510
14, 20.151134, 194012, 70085709
14.5, 20.304567, 258232, 71716070
15, 18.274113, 230776, 71426395
15.5, 18.274113, 26492, 5308571
