sec, CPU, net_name, net_rx, net_tx
0, 0, 1508, 101495
0.5, 0, 75808, 28272482
1, 12.030075, 160784, 50893968
1.5, 12.121212, 188556, 61122405
2, 16, 232960, 71259920
2.5, 18.045113, 219700, 75494352
3, 16.120907, 215592, 74901112
3.5, 18.181818, 218712, 74417260
4, 14.141414, 219544, 75061086
4.5, 18.227848, 243776, 75338140
5, 18.045113, 227240, 72772550
5.5, 18.13602, 233116, 72914816
6, 18.181818, 235704, 76199160
6.5, 16.120907, 228072, 74307150
7, 18.13602, 217204, 74841934
7.5, 18.090452, 228904, 73066122
8, 16.120907, 208468, 75977025
8.5, 18.045113, 220012, 74228022
9, 18.181818, 226668, 75197472
9.5, 18.13602, 199836, 73775108
10, 16.161615, 207116, 74501030
10.5, 16.120907, 217277, 73861761
11, 16.120907, 171756, 70613214
11.5, 16, 183300, 71444332
12, 24, 288184, 73474812
12.5, 21.945137, 284765, 73943637
13, 26.065163, 276120, 74237284
13.5, 21.945137, 263644, 74466375
14, 24.120604, 292032, 74856254
14.5, 22, 262704, 72571684
15, 22, 257840, 66192821
