338643, 0| ens5 164 472| lo 0 0| 
338643, 0| ens5 72108 25558436| lo 0 0| 
338643, 12.060302| ens5 164424 52462538| lo 0 0| 
338643, 14.105794| ens5 201760 62795086| lo 0 0| 
338643, 20.253164| ens5 251732 72798208| lo 0 0| 
338643, 20.100502| ens5 238264 72180696| lo 0 0| 
338643, 18.13602| ens5 224952 71360125| lo 0 0| 
338643, 20.253164| ens5 241748 71373215| lo 0 0| 
338643, 22.166246| ens5 233792 72310546| lo 0 0| 
338643, 20.151134| ens5 244452 70403599| lo 0 0| 
338643, 18.13602| ens5 249392 71398488| lo 0 0| 
338643, 20.100502| ens5 257816 73866893| lo 0 0| 
338643, 18.181818| ens5 218816 71188102| lo 0 0| 
338643, 16| ens5 249392 73873548| lo 0 0| 
338643, 18.090452| ens5 258492 73422570| lo 0 0| 
338643, 18| ens5 266806 72932716| lo 0 0| 
338643, 18.090452| ens5 244608 72726570| lo 0 0| 
338643, 18.181818| ens5 241592 73027374| lo 0 0| 
338643, 16.161615| ens5 261352 73084506| lo 0 0| 
338643, 18.227848| ens5 205036 70280302| lo 0 0| 
338643, 18.274113| ens5 211640 73259906| lo 0 0| 
338643, 18.090452| ens5 233792 72099612| lo 0 0| 
338643, 16.202532| ens5 235196 73116324| lo 0 0| 
338643, 22.222223| ens5 196848 72010453| lo 0 0| 
338643, 18.320612| ens5 181448 69915265| lo 0 0| 
338643, 16.202532| ens5 221671 73690606| lo 340 340| 
338643, 20.151134| ens5 209144 71874800| lo 0 0| 
338643, 18.227848| ens5 228332 72489510| lo 0 0| 
338643, 20.151134| ens5 194012 70085709| lo 0 0| 
338643, 20.304567| ens5 258232 71716070| lo 0 0| 
338643, 18.274113| ens5 230776 71426395| lo 0 0| 
338643, 18.274113| ens5 26492 5308571| lo 0 0| 
