340368, 0| lo 0 0| ens5 156 74| 
340368, 0| lo 0 0| ens5 20580 7461796| 
340368, 8.080808| lo 0 0| ens5 147892 45827778| 
340368, 14.105794| lo 0 0| ens5 220376 63604116| 
340368, 18.090452| lo 0 0| ens5 199888 72169362| 
340368, 14.141414| lo 0 0| ens5 196248 72990818| 
340368, 16.161615| lo 0 0| ens5 215228 73413066| 
340368, 16.202532| lo 0 0| ens5 199940 73428342| 
340368, 16.202532| lo 0 0| ens5 247000 73170582| 
340368, 16.120907| lo 0 0| ens5 259792 74412400| 
340368, 18.227848| lo 0 0| ens5 250380 74384332| 
340368, 14.177216| lo 0 0| ens5 227864 73543216| 
340368, 18.181818| lo 0 0| ens5 228644 73282966| 
340368, 16.202532| lo 0 0| ens5 220312 71941828| 
340368, 14.141414| lo 0 0| ens5 219284 73104768| 
340368, 16.202532| lo 0 0| ens5 152100 67819232| 
340368, 14.177216| lo 0 0| ens5 171080 70578190| 
340368, 16.080402| lo 0 0| ens5 160732 70231426| 
340368, 12.182741| lo 0 0| ens5 159640 69497666| 
340368, 14.141414| lo 0 0| ens5 130572 67218370| 
340368, 14.105794| lo 0 0| ens5 117520 63510716| 
340368, 14.177216| lo 0 0| ens5 139100 66306657| 
340368, 14.177216| lo 340 340| ens5 180249 71205915| 
340368, 16.161615| lo 0 0| ens5 192296 71562270| 
340368, 18.181818| lo 0 0| ens5 201448 71135900| 
340368, 18.274113| lo 0 0| ens5 231764 72986734| 
340368, 16.161615| lo 0 0| ens5 226252 71900590| 
340368, 16.161615| lo 0 0| ens5 230308 72983264| 
340368, 18.227848| lo 0 0| ens5 230152 73277204| 
340368, 18.274113| lo 0 0| ens5 224328 73379698| 
340368, 18.274113| lo 0 0| ens5 239824 71186524| 
340368, 18.274113| lo 0 0| ens5 200380 46387619| 
