343481, 0| ens5 52 74| lo 0 0| 
343481, 0| ens5 67696 25963115| lo 0 0| 
343481, 12.030075| ens5 155948 51384504| lo 0 0| 
343481, 16.243654| ens5 184756 68143252| lo 0 0| 
343481, 20.20202| ens5 185016 74541860| lo 0 0| 
343481, 18.227848| ens5 193544 73041992| lo 0 0| 
343481, 18.227848| ens5 211692 73347752| lo 0 0| 
343481, 18.227848| ens5 219752 73891308| lo 0 0| 
343481, 18.13602| ens5 184334 73027086| lo 0 0| 
343481, 20.253164| ens5 189072 73895541| lo 0 0| 
343481, 18.13602| ens5 175240 72658374| lo 0 0| 
343481, 18.181818| ens5 181844 72920046| lo 0 0| 
343481, 18.090452| ens5 196352 74011888| lo 0 0| 
343481, 16.202532| ens5 197912 72816362| lo 0 0| 
343481, 22.278482| ens5 207584 74919045| lo 0 0| 
343481, 16.120907| ens5 188760 70936866| lo 0 0| 
343481, 20.151134| ens5 227448 74230636| lo 0 0| 
343481, 18.227848| ens5 211952 73410290| lo 0 0| 
343481, 14.177216| ens5 146733 52282094| lo 340 340| 
343481, 10.025063| ens5 127244 46258654| lo 0 0| 
343481, 12.09068| ens5 147256 50179070| lo 0 0| 
343481, 10.050251| ens5 137552 46207544| lo 0 0| 
343481, 10.10101| ens5 146328 48985470| lo 0 0| 
343481, 12.09068| ens5 153920 50249660| lo 0 0| 
343481, 12.09068| ens5 173472 51195910| lo 0 0| 
343481, 10.050251| ens5 170040 51301890| lo 0 0| 
343481, 14.105794| ens5 195728 53005140| lo 0 0| 
343481, 12.060302| ens5 181324 53890830| lo 0 0| 
343481, 12.09068| ens5 185640 54572130| lo 0 0| 
343481, 12.121212| ens5 199368 55117170| lo 0 0| 
343481, 12.121212| ens5 185224 54776520| lo 0 0| 
343481, 12.121212| ens5 204932 55389690| lo 0 0| 
343481, 14.141414| ens5 195520 55662210| lo 0 0| 
343481, 10.126582| ens5 188344 56956680| lo 0 0| 
343481, 14.141414| ens5 184860 56888550| lo 0 0| 
343481, 12.030075| ens5 178464 56207250| lo 0 0| 
343481, 12.030075| ens5 44952 12584689| lo 0 0| 
